0.0673972602739726
0.162301369863014
0.253246575342466
0.352767123287671
0.454219178082192
0.560602739726027
0.676369863013699
0.802657534246576
0.938164383561644
1.08663013698630
1.24010958904110
1.40815068493151
1.58258904109589
1.76120547945205
1.94609589041096
2.13782191780822
2.33776712328767
2.54331506849315
2.75864383561644
2.98091780821918
3.21324657534247
3.44627397260274
3.68150684931507
3.92490410958904
4.17131506849315
4.42557534246575
4.68934246575343
4.95052054794521
5.22217808219178
5.50289041095890
5.78102739726027
6.05753424657534
6.34391780821918
6.63647945205479
6.93039726027397
7.22695890410959
7.53352054794520
7.82750684931507
8.12854794520548
8.44028767123288
8.74961643835617
9.05030136986302
9.36170270270271
9.68410958904110
10.0000410958904
10.3182602739726
10.6376438356164
10.9445479452055
11.2639726027397
11.5750684931507
11.8773972602740
12.1869315068493
12.4887534246575
12.7912054794521
13.0972602739726
13.4098356164384
13.7229589041096
14.0244657534247
14.3191780821918
14.6132602739726
14.9065616438356
15.1988219178082
15.5034794520548
15.8038630136986
16.1284246575342
16.4469178082192
16.7637260273973
17.0932876712329
17.4406438356164
17.7826164383562
18.1459452054795
18.5220410958904
18.8906164383562
19.2763424657534
19.6555479452055
20.0182328767123
20.3884931506849
19.8644657534247
19.9049041095890
20.6280958904110
20.7339863013699
19.9885205479452
20.7596164383562
21.3193150684932
21.7362739726027
22.0964054054054
22.0129726027397
22.2753150684932
22.7253287671233
23.0724657534247
23.4171780821918
23.7574520547945
24.0895205479452
24.4302876712329
24.7646164383562
25.0919726027397
25.4133287671233
25.7417260273973
26.0819452054795
26.4170273972603
26.7492191780822
27.0836712328767
27.4255342465754
27.7793287671233
28.1136986301370
28.4586027397260
28.7734520547945
28.9625890410959
29.3531643835616
29.7140547945205
30.0535890410959
30.3932876712329
30.7476164383562
31.0933150684932
31.3886986301370
31.6899726027397
32.0148767123288
32.3146575342466
32.5467397260274
32.3181917808219
32.7224931506849
33.0199315068493
33.3682191780822
33.6707397260274
33.9788082191781
34.2790273972603
34.5687945205480
34.8590540540541