0
0.0167116220000000
0.0647738560000000
0.0830777880000000
0.103213908000000
0.125923276000000
0.151270510000000
0.177236676000000
0.203064084000000
0.230033518000000
0.253177882000000
0.277256488000000
0.327216862000000
0.353901386000000
0.377517938000000
0.404748440000000
0.429746390000000
0.457292080000000
0.482291700000000
0.510549306000000
0.540428876000000
0.564955948000000
0.586580276000000
0.615366936000000
0.641010286000000
0.670868634000000
0.697547198000000
0.751436234000000
0.823499918000000
0.868570328000000
0.925378322000000
0.925378322000000