0.0212455479726027
0.0615891113698630
0.100566439041096
0.139568835616438
0.179097671232877
0.218831232876712
0.258004931506849
0.297558835616439
0.337125273972603
0.377264109589041
0.416274867123288
0.455812058904110
0.494998294520548
0.533887893150685
0.573157686301370
0.612611319178082
0.651968847945205
0.691280430136986
0.730734053424657
0.770434195890411
0.810376669863014
0.849270430136986
0.887474824657534
0.926330991780822
0.965145368493151
1.00444857260274
1.04479212328767
1.08412041095890
1.12439712328767
1.16502479452055
1.20434054794521
1.24304630136986
1.28241636986301
1.32199952054795
1.36105623287671
1.39978287671233
1.43915712328767
1.47728630136986
1.51594609589041
1.55578828767123
1.59581013698630
1.63493787671233
1.67439641891892
1.71446349315068
1.75381684931507
1.79332479452055
1.83313356164384
1.87192287671233
1.91194890410959
1.95206684931507
1.99104835616438
2.03095321917808
2.06980102739726
2.10892041095890
2.14841164383562
2.18829979452055
2.22881883561644
2.26792568493151
2.30710356164384
2.34639006849315
2.38602335616438
2.42603684931507
2.46640130136986
2.50540787671233
2.54523753424657
2.58413965753425
2.62318383561644
2.66206506849315
2.70162315068493
2.74031219178082
2.78032150684932
2.82061075342466
2.85952123287671
2.89944280821918
2.93867500000000
2.97686267123288
3.01670068493151
3.05584931506849
3.09555363013699
3.13508246575342
3.17478678082192
3.21417773972603
3.25392383561644
3.29285102739726
3.33171554794521
3.37139993243243
3.41088602739726
3.45144267123288
3.49133500000000
3.53159082191781
3.57042191780822
3.60998835616438
3.64920801369863
3.68929253424658
3.72868349315068
3.76783212328767
3.80695150684931
3.84559876712329
3.88501061643836
3.92397123287671
3.96282739726027
4.00172534246575
4.04100349315069
4.08182753424657
4.12091352054794
4.15995350684931
4.19784034246575
4.23703494520548
4.27693145205480
4.31650206849315
4.35492369863014
4.39351665753425
4.43325023287671
4.47190165753425
4.51134275342466
4.55054568493151
4.58951053424658
4.62807836986301
4.66698886301370
4.70621687671233
4.74513152054795
4.78408376712329
4.82395521917808
4.86265680821918
4.90246976712329
4.94273395890411
4.98242152054795
5.02175494594595