0.0479930834285714
0.143561449431818
0.238238122857143
0.332917897727273
0.428230457142857
0.521614119318182
0.615503863636364
0.710015600000000
0.804239943181818
0.898186657142857
0.992055823863636
1.08664048295455
1.18078571428571
1.27524312500000
1.36974280000000
1.46467758522727
1.55960710227273
1.65404811428571
1.74872096590909
1.84315857142857
1.93776897727273
2.03274701704546
2.12551711428571
2.21950232954545
2.31297708571429
2.40651065340909
2.50084923295455
2.59515262857143
2.69127840909091
2.78625517142857
2.88232971590909
2.97745332386364
3.07143191428571
3.16762602272727
3.26312354285714
3.35762891477273
3.45264332954545
3.54681886857143
3.63917336931818
3.73300481142857
3.82773963068182
3.92189218285714
4.01508240909091
4.10928409090909
4.20306038285714
4.29667539204546
4.39202441142857
4.48597122159091
4.58029940909091
4.67640468000000
4.77188098295454
4.86672120000000
4.96311598863636
5.05702307386364
5.14985533142857
5.24372639772727
5.33851440000000
5.43374659090909
5.52776804545454
5.62051390285714
5.71428768181818
5.80875638857143
5.90595073295455
6.00077974431818
6.09473311428572
6.18878451704545
6.28227329714286
6.37587600000000
6.46939666477273
6.56300747428572
6.65730436363636
6.75181120571429
6.84540101704546
6.94139801704546
7.03553962857143
7.12938199431818
7.22412209142857
7.31725700000000
7.41228169318182