0.00276571428571434
0.143693181818182
0.570331428571429
1.09535227272727
1.64809142857143
2.21637500000000
2.82176704545455
3.46425142857143
4.14077272727273
4.82015428571429
5.46079545454546
6.16705113636364
6.93924571428572
7.80025568181818
8.74877142857143
9.77653409090909
10.8431931818182
11.9363142857143
13.0731875000000
14.2195942857143
15.3746534090909
16.5509715909091
17.7248628571429
18.9306022727273
20.1362857142857
21.3471931818182
22.5738806818182
23.8084914285714
25.0531931818182
26.2625485714286
27.4617159090909
28.6338693181818
29.7762971428572
30.7906704545455
31.9852228571429
33.1509659090909
34.3285738636364
35.4318171428571
36.6004829545455
37.7673314285714
38.9651420454545
40.1483485714286
41.2882045454545
42.3582897727273
43.4684171428572
44.5849488636364
45.7500400000000
46.8308238636364
47.9565227272727
49.1414571428572
50.3028579545455
51.4609885714286
52.6709602272727
53.8366704545454
54.9622685714286
56.1306022727273
57.3178400000000
58.4920511363637
59.6334147727272
60.7575257142857
61.5799545454546
62.7108400000000
63.7816931818182
64.8504829545455
65.8762914285714
66.8518352272727
67.7340400000000
68.6421250000000
69.5192215909091
70.1787371428572
70.9916988636364
71.8792571428572
72.7097102272728
73.4955340909091
74.2351600000000
74.9014090909091
75.5885028571429
76.3013465909091
77.0199545454546