0
0.00594982600000002
0.0396606920000000
0.0468264220000000
0.0609391940000000
0.0769072780000001
0.0913823839999999
0.103877068000000
0.121306778000000
0.135954380000000
0.156032920000000
0.169546126000000
0.203395604000000
0.241035462000000
0.286008834000000
0.301549196000000
0.333988904000000
0.362955808000000
0.396538498000000
0.426987886000000
0.462828636000000
0.492660522000000
0.522570610000000
0.557403088000000
0.586182116000000
0.618658304000000
0.650920867999999
0.684888364000000
0.714751244000000
0.750516414000000
0.780487060000000
0.986776352000000
1.04344749400000
1.08401394000000
1.12698793400000
1.12698793400000