0
0.0200539464000000
0.0777286272000000
0.0996933456000000
0.123856689600000
0.151107931200000
0.181524612000000
0.212684011200000
0.243676900800000
0.276040221600000
0.303813458400000
0.332707785600000
0.392660234400000
0.424681663200001
0.453021525600000
0.485698128000000
0.515695668000000
0.548750496000000
0.578750040000000
0.612659167200000
0.648514651200000
0.677947137600000
0.703896331200000
0.738440323200000
0.769212343200000
0.805042360800000
0.837056637600000
0.901723480800000
0.988199901600000
1.04228439360000
1.11045398640000
1.11045398640000