0.0536342509555000
0.161483084577115
0.268532675000000
0.375925398507463
0.484728879500000
0.593797079601990
0.703932391500000
0.812982830845771
0.920625752999999
1.03022779402985
1.13892490000000
1.24640450248756
1.35685197500000
1.46642482587065
1.57453746268657
1.68375402500000
1.79190990049751
1.89920145000000
2.00644325870647
2.11533512500000
2.22583537313433
2.33569152500000
2.44324119402985
2.55130670000000
2.66214166666667
2.77628385000000
2.88311340796020
2.98873160000000
3.09624771144279
3.20531935323383
3.31251655000000
3.41900599502488
3.52670280000000
3.63415542288557
3.74124285000000
3.84819713930348
3.95505852500000
4.06459692039801
4.17376641000000
4.28266434328358
4.39103011000000
4.49823560696518
4.60476649500000
4.71096173134328
4.81852353731343
4.92687394000000
5.03445748756219
5.14122489000000
5.24820481592040
5.35662352500000
5.46489443781095
5.57356240000000
5.68182075621891
5.79033353000000
5.89691252238806
6.00313813000000
6.11157789552239
6.21958749000000
6.32801256716418
6.43641504975125
6.54464124000000
6.65315472139304
6.76117754500000
6.86887315920398
6.97805997000000
7.08626535323384
7.20021131499999
7.31196838308458
7.41911436500000
7.52835298507463
7.63606085500000
7.74405779104478
7.85364839303483