0.0287900000000000
0.0788656716417910
0.365725000000000
0.982960199004975
1.53554000000000
2.06843781094527
2.64726000000000
3.26643283582089
3.91397000000000
4.52777114427861
5.18030000000000
5.88955223880597
6.66991500000000
7.49276119402985
8.38423383084577
9.34425500000000
10.2940099502488
11.2210200000000
12.1414975124378
13.0780100000000
14.0520248756219
15.0741700000000
16.1524776119403
17.2694050000000
18.4392885572139
19.6526200000000
20.7990447761194
21.9702150000000
23.0899154228856
24.3850447761194
25.4951700000000
26.7549850746269
27.9996700000000
29.3442885572139
30.6851050000000
32.0186716417910
33.3030800000000
34.6572388059702
36.0720150000000
37.4740000000000
38.8910000000000
40.2910348258706
41.6794450000000
43.0708159203980
44.3600696517413
45.7925600000000
47.2176268656717
48.6054100000000
49.9684975124378
51.3951350000000
52.7979950248756
54.1482350000000
55.4850199004975
56.8212450000000
58.1072985074627
59.3478850000000
59.9805223880597
61.1557800000000
62.3710547263682
63.4721144278607
64.3812900000000
65.1377711442786
66.2507050000000
67.3150945273632
68.2694450000000
69.1815223880597
23.7702650000000
4.24112437810945
6.10566500000000
7.20760199004975
6.65347500000000
6.45467661691542
6.25571144278607